RULE_ID	RULE_TYPE	BATTLE_LEVEL	DATA_1	DATA_2	DATA_3	DATA_4	DATA_5	DATA_6	DATA_7	DATA_8	DATA_9	DATA_10	DATA_11	DATA_12	DATA_13	DATA_14	DATA_15	DATA_16	DATA_17	DATA_18	DATA_19	DATA_20
1	2	1	2509,70,45		2510,75,15		2511,75,10		2512,75,10		2513,80,5	2514,80,1	2515,70,45		2516,75,15		2517,75,10		2518,75,10		2519,80,5	2520,80,1
1	2	2	2509,95,45		2510,100,15		2511,100,10		2512,100,10		2513,115,5	2514,115,1	2515,95,45		2516,100,15		2517,100,10		2518,100,10		2519,115,5	2520,115,1
1	1	3	2509,120,0		2510,125,0		2511,125,0		2512,125,0		2513,130,0	2514,130,0	2515,120,0		2516,125,0		2517,125,0		2518,125,0		2519,130,0	2520,130,0
2	2	1	2509,70,45		2510,75,15		2511,75,10		2512,75,10		2513,80,5	2514,80,1	2515,70,45		2516,75,15		2517,75,10		2518,75,10		2519,80,5	2520,80,1
2	2	2	2509,95,45		2510,100,15		2511,100,10		2512,100,10		2513,115,5	2514,115,1	2515,95,45		2516,100,15		2517,100,10		2518,100,10		2519,115,5	2520,115,1
2	2	3	2509,120,45		2510,125,15		2511,125,10		2512,125,10		2513,130,5	2514,130,1	2515,120,45		2516,125,15		2517,125,10		2518,125,10		2519,130,5	2520,130,1
3	2	1	2509,70,45		2510,75,15		2511,75,10		2512,75,10		2513,80,5	2514,80,1	2515,70,45		2516,75,15		2517,75,10		2518,75,10		2519,80,5	2520,80,1
3	3	2	2509,95,45		2510,100,15		2511,100,10		2512,100,10		2513,115,0	2514,115,0	2515,95,45		2516,100,15		2517,100,10		2518,100,10		2519,115,0	2520,115,0
3	3	3	2509,120,45		2510,125,15		2511,125,10		2512,125,10		2513,130,0	2514,130,0	2515,120,45		2516,125,15		2517,125,10		2518,125,10		2519,130,0	2520,130,0
