ROOM_RANK	TEMP_MAP_ID	ROOM_TYPE	NORMAL_NPC	NORMAL_NUM	NORMAL_LEVEL	JING_NPC	JING_NUM	JING_LEVEL	BOSS_NPC	BOSS_NUM	BOSS_LEVEL	STAR_NPC	STAR_NUM	STAR_FINISH_NUM	STAR_DAMAGE1	STAR_DAMAGE1_NUM	STAR_DAMAGE2	STAR_DAMAGE2_NUM	STAR_BUFF_NPC	STAR_BUFF_NPC_NUM	BOX_NPC	BOX_NPC_NUM	PICK_NPC	PICK_NPC_NUM	PICK_BOSS	PICK_BOSS_NUM	NPC_LEVEL
关卡层数	关卡地图id	关卡类型（1、杀怪关卡，2、地芒阵、3、采集箱子）	小怪npc	小怪数量	小怪等级	精英npc	精英数量	精英等级	bossNpc	boss数量	boss等级	心形点	心形点数量	采集点完成数	地芒阵伤害1npc	伤害1个数	地芒阵伤害2npc	伤害2个数	特效npc	特效npc个数	读条怪	读条怪数量	小怪	小怪数量	掉落钥匙怪	掉落钥匙怪数量	npc等级
1	2329	1	11441	24	61																						
2	2329	1	11442	24	62																						
3	2329	3										11282	12	18	11283	4	11284	3	11285	1							4
4	2329	1	11441	4	61	11443	2	64																			
5	2329	1	11442	4	62	11444	2	65	11445	1	65																
6	2329	1	11446	24	66																						
7	2329	1	11447	24	67																						
8	2329	4																			11589	3	11449	6	11448	3	61
9	2329	1	11446	4	66	11450	2	69																			
10	2329	1	11447	4	67	11451	2	70	11452	1	70																
11	2330	1	11453	24	61																						
12	2330	1	11454	24	62																						
13	2330	3										11282	12	18	11283	6	11284	3	11285	1							4
14	2330	1	11453	4	61	11455	2	64																			
15	2330	1	11454	4	62	11456	2	65	11457	1	65																
16	2330	1	11458	24	66																						
17	2330	1	11459	24	67																						
18	2330	4																			11590	3	11461	6	11460	3	61
19	2330	1	11458	4	66	11462	2	69																			
20	2330	1	11459	4	67	11463	2	70	11464	1	70																
21	2331	1	11465	32	91																						
22	2331	1	11466	32	92																						
23	2331	3										11282	12	27	11283	9	11284	4	11285	1							5
24	2331	1	11465	24	91	11467	3	94																			
25	2331	1	11466	24	92	11468	3	95	11469	1	95																
26	2331	1	11470	32	96																						
27	2331	1	11471	32	97																						
28	2331	4																			11591	4	11473	8	11472	4	91
29	2331	1	11470	24	96	11474	3	99																			
30	2331	1	11471	24	97	11475	3	100	11476	1	100																
31	2332	1	11477	32	91																						
32	2332	1	11478	32	92																						
33	2332	3										11282	12	27	11283	9	11284	4	11285	1							5
34	2332	1	11477	24	91	11479	3	94																			
35	2332	1	11478	24	92	11480	3	95	11481	1	95																
36	2332	1	11482	32	96																						
37	2332	1	11483	32	97																						
38	2332	4																			11592	4	11485	8	11484	4	91
39	2332	1	11482	24	96	11486	3	99																			
40	2332	1	11483	24	97	11487	3	100	11488	1	100																
41	2333	1	11489	32	101																						
42	2333	1	11490	32	102																						
43	2333	3										11282	12	27	11283	9	11284	4	11285	1							5
44	2333	1	11489	24	101	11491	3	104																			
45	2333	1	11490	24	102	11492	3	105	11493	1	105																
46	2333	1	11494	32	106																						
47	2333	1	11495	32	107																						
48	2333	4																			11593	4	11497	8	11496	4	101
49	2333	1	11494	24	106	11498	3	109																			
50	2333	1	11495	24	107	11499	3	110	11500	1	110																
51	2334	1	11501	32	111																						
52	2334	1	11502	32	112																						
53	2334	3										11282	12	27	11283	9	11284	4	11285	1							5
54	2334	1	11501	24	111	11503	3	114																			
55	2334	1	11502	24	112	11504	3	115	11505	1	115																
56	2334	1	11506	32	116																						
57	2334	1	11507	32	117																						
58	2334	4																			11594	4	11509	8	11508	4	111
59	2334	1	11506	24	116	11510	3	119																			
60	2334	1	11507	24	117	11511	3	120	11512	1	120																
61	2335	1	11513	12	121																						
62	2335	1	11514	12	122																						
63	2335	3										11282	12	36	11283	12	11284	5	11285	1							6
64	2335	1	11513	8	121	11515	4	124																			
65	2335	1	11514	8	122	11516	4	125	11517	1	125																
66	2335	1	11518	12	126																						
67	2335	1	11519	12	127																						
68	2335	4																			11595	5	11521	10	11520	5	121
69	2335	1	11518	8	126	11522	4	129																			
70	2335	1	11519	8	127	11523	4	130	11524	1	130																
71	2336	1	11525	12	131																						
72	2336	1	11526	12	132																						
73	2336	3										11282	12	36	11283	12	11284	5	11285	1							6
74	2336	1	11525	8	131	11527	4	134																			
75	2336	1	11526	8	132	11528	4	135	11529	1	135																
76	2336	1	11530	12	136																						
77	2336	1	11531	12	137																						
78	2336	4																			11596	5	11533	10	11532	5	131
79	2336	1	11530	8	136	11534	4	139																			
80	2336	1	11531	8	137	11535	4	140	11536	1	140																
81	2337	1	11537	15	141																						
82	2337	1	11538	15	142																						
83	2337	3										11282	12	45	11283	15	11284	6	11285	1							7
84	2337	1	11537	10	141	11539	5	144																			
85	2337	1	11538	10	142	11540	5	145	11541	1	145																
86	2337	1	11542	15	146																						
87	2337	1	11543	15	147																						
88	2337	4																			11597	6	11545	12	11544	6	141
89	2337	1	11542	10	146	11546	5	149																			
90	2337	1	11543	10	147	11547	5	150	11548	1	150																
91	2338	1	11549	18	141																						
92	2338	1	11550	18	142																						
93	2338	3										11282	12	54	11283	21	11284	8	11285	1							8
94	2338	1	11549	12	141	11551	6	144																			
95	2338	1	11550	12	142	11552	6	145	11553	1	145																
96	2338	1	11554	18	146																						
97	2338	1	11555	18	147																						
98	2338	4																			11598	6	11557	12	11556	6	141
99	2338	1	11554	12	146	11558	6	149																			
100	2338	1	11555	12	147	11559	6	150	11560	1	150																
101	2338	1	11549	18	141																						
102	2338	1	11550	18	142																						
103	2338	3										11282	12	54	11283	21	11284	8	11285	1							8
104	2338	1	11549	12	141	11551	6	144																			
105	2338	1	11550	12	142	11552	6	145	11553	1	145																
106	2338	1	11554	18	146																						
107	2338	1	11555	18	147																						
108	2338	4																			11598	6	11557	12	11556	6	141
109	2338	1	11554	12	146	11558	6	149																			
110	2338	1	11555	12	147	11559	6	150	11560	1	150																
111	2338	1	11549	18	141																						
112	2338	1	11550	18	142																						
113	2338	3										11282	12	54	11283	21	11284	8	11285	1							8
114	2338	1	11549	12	141	11551	6	144																			
115	2338	1	11550	12	142	11552	6	145	11553	1	145																
116	2338	1	11554	18	146																						
117	2338	1	11555	18	147																						
118	2338	4																			11598	6	11557	12	11556	6	141
119	2338	1	11554	12	146	11558	6	149																			
120	2338	1	11555	12	147	11559	6	150	11560	1	150																
121	2338	1	11549	18	141																						
122	2338	1	11550	18	142																						
123	2338	3										11282	12	54	11283	21	11284	8	11285	1							8
124	2338	1	11549	12	141	11551	6	144																			
125	2338	1	11550	12	142	11552	6	145	11553	1	145																
126	2338	1	11554	18	146																						
127	2338	1	11555	18	147																						
128	2338	4																			11598	6	11557	12	11556	6	141
129	2338	1	11554	12	146	11558	6	149																			
130	2338	1	11555	12	147	11559	6	150	11560	1	150																
131	2338	1	11549	18	141																						
132	2338	1	11550	18	142																						
133	2338	3										11282	12	54	11283	21	11284	8	11285	1							8
134	2338	1	11549	12	141	11551	6	144																			
135	2338	1	11550	12	142	11552	6	145	11553	1	145																
136	2338	1	11554	18	146																						
137	2338	1	11555	18	147																						
138	2338	4																			11598	6	11557	12	11556	6	141
139	2338	1	11554	12	146	11558	6	149																			
140	2338	1	11555	12	147	11559	6	150	11560	1	150																
141	2338	1	11549	18	141																						
142	2338	1	11550	18	142																						
143	2338	3										11282	12	54	11283	21	11284	8	11285	1							8
144	2338	1	11549	12	141	11551	6	144																			
145	2338	1	11550	12	142	11552	6	145	11553	1	145																
146	2338	1	11554	18	146																						
147	2338	1	11555	18	147																						
148	2338	4																			11598	6	11557	12	11556	6	141
149	2338	1	11554	12	146	11558	6	149																			
150	2338	1	11555	12	147	11559	6	150	11560	1	150																
151	2338	1	11549	18	141																						
152	2338	1	11550	18	142																						
153	2338	3										11282	12	54	11283	21	11284	8	11285	1							8
154	2338	1	11549	12	141	11551	6	144																			
155	2338	1	11550	12	142	11552	6	145	11553	1	145																
156	2338	1	11554	18	146																						
157	2338	1	11555	18	147																						
158	2338	4																			11598	6	11557	12	11556	6	141
159	2338	1	11554	12	146	11558	6	149																			
160	2338	1	11555	12	147	11559	6	150	11560	1	150																
